19010103	-11
19010106	17
19010109	6
19010112	11
19010115	22
19010118	0
19010121	6
19010124	33
19010127	-6
19010130	-6
19010202	-22
19010205	17
19010208	0
19010211	-78
19010214	-50
19010217	-44
19010220	-39
19010223	0
19010226	-6
19010301	-56
19010304	0
19010307	22
19010310	39
19010313	39
19010316	17
19010319	6
19010322	22
19010325	-56
19010328	-6
19010331	11
19010403	72
19010406	33
19010409	39
19010412	50
19010415	0
19010418	100
19010421	78
19010424	100
19010427	144
19010430	194
19010502	172
19010505	22
19010508	94
19010511	233
19010514	239
19010517	144
19010520	106
19010523	211
19010526	150
19010529	189
19010601	161
19010604	200
19010607	239
19010610	267
19010613	144
19010616	167
19010619	217
19010622	239
19010625	261
19010628	172
19010703	167
19010706	256
19010709	267
19010712	289
19010715	278
19010718	278
19010721	311
19010724	278
19010727	306
19010730	267
19010802	261
19010805	217
19010808	217
19010811	256
19010814	278
19010817	283
19010820	228
19010823	189
19010826	183
19010829	189
19010901	144
19010904	128
19010907	167
19010910	189
19010913	172
19010916	150
19010919	161
19010922	172
19010925	206
19010928	167
19011003	139
19011006	139
19011009	122
19011012	111
19011015	100
19011018	100
19011021	100
19011024	100
19011027	100
19011030	78
19011102	83
19011105	67
19011108	44
19011111	33
19011114	6
19011117	28
19011120	28
19011123	33
19011126	39
19011129	-11
19011201	-11
19011204	-6
19011207	39
19011210	-33
19011213	-33
19011216	-33
19011219	6
19011222	0
19011225	-67
19011228	-22
19011231	28
19020102	11
19020105	22
19020108	28
19020111	6
19020114	-22
19020117	0
19020120	22
19020123	6
19020126	17
19020129	-6
19020201	22
19020204	-17
19020207	-11
19020210	-28
19020213	-11
19020216	11
19020219	117
19020222	0
19020225	0
19020228	6
19020303	-6
19020306	17
19020309	-94
19020312	-83
19020315	11
19020318	0
19020321	0
19020324	44
19020327	22
19020330	28
19020402	28
19020405	-6
19020408	-17
19020411	28
19020414	72
19020417	83
19020420	72
19020423	67
19020426	28
19020429	44
19020501	72
19020504	122
19020507	56
19020510	67
19020513	89
19020516	128
19020519	150
19020522	161
19020525	172
19020528	150
19020531	211
19020603	183
19020606	150
19020609	122
19020612	150
19020615	206
19020618	150
19020621	222
19020624	172
19020627	167
19020630	150
19020702	161
19020705	156
19020708	183
19020711	144
19020714	200
19020717	217
19020720	172
19020723	194
19020726	200
19020729	172
19020801	172
19020804	200
19020807	183
19020810	167
19020813	172
19020816	139
19020819	189
19020822	128
19020825	183
19020828	183
19020831	150
19020903	167
19020906	183
19020909	183
19020912	122
19020915	100
19020918	117
19020921	72
19020924	122
19020927	100
19020930	72
19021002	67
19021005	78
19021008	72
19021011	78
19021014	78
19021017	83
19021020	39
19021023	50
19021026	67
19021029	78
19021101	94
19021104	44
19021107	39
19021110	61
19021113	56
19021116	17
19021119	39
19021122	44
19021125	11
19021128	11
19021203	-56
19021206	17
19021209	17
19021212	11
19021215	28
19021218	11
19021221	11
19021224	28
19021227	0
19021230	-22
19010101	-67
19010104	-6
19010107	-6
19010110	11
19010113	17
19010116	28
19010119	11
19010122	44
19010125	28
19010128	-11
19010131	-17
19010203	0
19010206	-11
19010209	11
19010212	-72
19010215	-78
19010218	-50
19010221	-17
19010224	-72
19010227	6
19010302	-56
19010305	11
19010308	0
19010311	28
19010314	39
19010317	22
19010320	6
19010323	44
19010326	-50
19010329	-17
19010401	33
19010404	39
19010407	50
19010410	44
19010413	44
19010416	28
19010419	50
19010422	72
19010425	106
19010428	172
19010503	133
19010506	50
19010509	139
19010512	256
19010515	200
19010518	94
19010521	139
19010524	156
19010527	156
19010530	156
19010602	183
19010605	217
19010608	256
19010611	239
19010614	128
19010617	206
19010620	222
19010623	278
19010626	278
19010629	183
19010701	167
19010704	194
19010707	261
19010710	283
19010713	267
19010716	300
19010719	278
19010722	317
19010725	289
19010728	306
19010731	267
19010803	233
19010806	206
19010809	211
19010812	267
19010815	278
19010818	272
19010821	206
19010824	178
19010827	222
19010830	189
19010902	117
19010905	128
19010908	172
19010911	178
19010914	161
19010917	172
19010920	172
19010923	194
19010926	172
19010929	167
19011001	156
19011004	150
19011007	133
19011010	128
19011013	117
19011016	111
19011019	106
19011022	106
19011025	100
19011028	111
19011031	83
19011103	89
19011106	72
19011109	28
19011112	22
19011115	33
19011118	0
19011121	0
19011124	6
19011127	33
19011130	-22
19011202	17
19011205	28
19011208	28
19011211	-56
19011214	-39
19011217	-28
19011220	11
19011223	-28
19011226	-50
19011229	22
19020103	-61
19020106	11
19020109	28
19020112	-11
19020115	-11
19020118	-17
19020121	11
19020124	28
19020127	11
19020130	-33
19020202	17
19020205	-50
19020208	0
19020211	-61
19020214	-33
19020217	22
19020220	-22
19020223	0
19020226	6
19020301	17
19020304	-39
19020307	22
19020310	-28
19020313	-17
19020316	17
19020319	17
19020322	-11
19020325	33
19020328	28
19020331	11
19020403	11
19020406	17
19020409	6
19020412	50
19020415	67
19020418	83
19020421	83
19020424	67
19020427	17
19020430	56
19020502	72
19020505	122
19020508	39
19020511	72
19020514	111
19020517	178
19020520	128
19020523	133
19020526	133
19020529	183
19020601	150
19020604	200
19020607	106
19020610	139
19020613	194
19020616	239
19020619	189
19020622	183
19020625	206
19020628	228
19020703	161
19020706	194
19020709	144
19020712	150
19020715	183
19020718	244
19020721	172
19020724	194
19020727	206
19020730	172
19020802	200
19020805	172
19020808	194
19020811	167
19020814	167
19020817	156
19020820	167
19020823	139
19020826	156
19020829	167
19020901	144
19020904	156
19020907	178
19020910	117
19020913	122
19020916	117
19020919	72
19020922	100
19020925	139
19020928	89
19021003	94
19021006	106
19021009	56
19021012	56
19021015	67
19021018	83
19021021	72
19021024	89
19021027	72
19021030	67
19021102	61
19021105	33
19021108	50
19021111	61
19021114	56
19021117	33
19021120	44
19021123	39
19021126	11
19021129	-28
19021201	-89
19021204	-33
19021207	6
19021210	28
19021213	28
19021216	17
19021219	6
19021222	0
19021225	50
19021228	6
19021231	-28
19010102	-11
19010105	11
19010108	39
19010111	0
19010114	6
19010117	6
19010120	22
19010123	39
19010126	22
19010129	0
19010201	17
19010204	6
19010207	-6
19010210	-28
19010213	-56
19010216	-11
19010219	-50
19010222	-33
19010225	-11
19010228	6
19010303	-22
19010306	22
19010309	0
19010312	22
19010315	50
19010318	22
19010321	-17
19010324	50
19010327	-39
19010330	-6
19010402	44
19010405	28
19010408	61
19010411	56
19010414	28
19010417	78
19010420	72
19010423	117
19010426	133
19010429	194
19010501	161
19010504	61
19010507	33
19010510	189
19010513	228
19010516	167
19010519	122
19010522	167
19010525	172
19010528	189
19010531	161
19010603	183
19010606	228
19010609	267
19010612	183
19010615	183
19010618	222
19010621	228
19010624	278
19010627	194
19010630	189
19010702	189
19010705	222
19010708	222
19010711	283
19010714	261
19010717	278
19010720	311
19010723	283
19010726	306
19010729	294
19010801	256
19010804	222
19010807	206
19010810	239
19010813	283
19010816	278
19010819	250
19010822	194
19010825	183
19010828	194
19010831	172
19010903	117
19010906	139
19010909	178
19010912	178
19010915	172
19010918	150
19010921	172
19010924	211
19010927	189
19010930	178
19011002	150
19011005	156
19011008	117
19011011	128
19011014	100
19011017	111
19011020	100
19011023	106
19011026	100
19011029	111
19011101	89
19011104	67
19011107	50
19011110	39
19011113	0
19011116	6
19011119	50
19011122	0
19011125	44
19011128	22
19011203	11
19011206	28
19011209	11
19011212	-33
19011215	-44
19011218	6
19011221	11
19011224	-56
19011227	117
19011230	22
19020101	28
19020104	28
19020107	28
19020110	33
19020113	-6
19020116	28
19020119	-6
19020122	-6
19020125	22
19020128	-6
19020131	-17
19020203	-6
19020206	-11
19020209	-44
19020212	0
19020215	-6
19020218	0
19020221	-6
19020224	0
19020227	-6
19020302	22
19020305	6
19020308	-44
19020311	-17
19020314	-6
19020317	6
19020320	17
19020323	11
19020326	22
19020329	17
19020401	22
19020404	33
19020407	6
19020410	17
19020413	83
19020416	72
19020419	50
19020422	39
19020425	72
19020428	33
19020503	89
19020506	117
19020509	56
19020512	78
19020515	133
19020518	178
19020521	150
19020524	122
19020527	156
19020530	200
19020602	156
19020605	161
19020608	150
19020611	144
19020614	206
19020617	167
19020620	206
19020623	178
19020626	200
19020629	172
19020701	183
19020704	189
19020707	172
19020710	167
19020713	161
19020716	217
19020719	217
19020722	194
19020725	183
19020728	200
19020731	167
19020803	206
19020806	189
19020809	200
19020812	172
19020815	156
19020818	178
19020821	156
19020824	178
19020827	172
19020830	144
19020902	161
19020905	178
19020908	167
19020911	117
19020914	89
19020917	128
19020920	61
19020923	122
19020926	111
19020929	111
19021001	50
19021004	50
19021007	94
19021010	72
19021013	61
19021016	67
19021019	56
19021022	61
19021025	67
19021028	72
19021031	61
19021103	61
19021106	0
19021109	61
19021112	50
19021115	50
19021118	33
19021121	33
19021124	22
19021127	28
19021130	-44
19021202	-78
19021205	6
19021208	11
19021211	22
19021214	22
19021217	28
19021220	11
19021223	28
19021226	0
19021229	-17
